0
381
-694
128
-838
639
857
165
-933
1350
-89
2044
-836
826
642
37
-561
426
-566
54
-609
1
1087
-677
1403
-562
652
287
1006
-543
722
-974
2711
-497
1379
923
725
179
609
-44
2397
334
2787
206
939
-53
2585
-890
55
-929
1114
-877
2668
-980
1177
-740
896
420
-973
1997
-351
1209
-335
307
563
-515
1301
-911
1295
-741
23
493
729
-735
35
573
952
1303
-220
1255
154
1246
-725
1373
-662
601
860
894
-701
1783
-683
1096
-726
1117
805
925
525
1041
-159
626
-859
2799
-732
160
-584
1884
-592
873
991
941
-556
1251
-239
960
-348
556
-534
366
-826
2098
1532
409
570
-823
945
-442
651
-550
204
370
1367
603
1410
-867
111
-876
1950
-721
1730
929
-670
1489
-593
1322
-769
1467
-343
2478
-514
434
53
501
-653
513
757
843
999
110
-896
516
440
801
151
1596
-749
1719
-571
735
-780
1462
921
755
-326
1070
-436
1682
-526
872
-440
1015
-828
3050
-1005
1284
-643
2489
-253
1247
2202
-857
382
-665
2
1352
-888
585
90
348
-841
790
355
3054
10
-934
249
-585
245
-914
1498
-411
1583
-962
468
-612
-671
583
-157
379
-988
2385
-625
848
-945
687
-814
130
-791
226
256
794
-967
1411
-344
1003
186
372
1439
-88
1118
144
754
-650
2057
-311
208
-904
689
-733
511
1332
-723
1008
-559
2548
-760
1068
-1000
906
-291
1111
-364
1018
-603
772
-102
1346
-596
2065
-714
837
-815
1454
-558
52
56
170
-1017
1104
-248
1447
455
1081
-658
2418
-861
1578
1550
-527
764
436
3030
-942
498
3166
-339
-597
1452
870
3076
-545
1135
-618
264
856
106
240
710
-707
-150
647
995
1232
-947
558
-604
1370
-706
1618
-557
2290
697
2804
2765
889
-784
664
-978
787
1238
44
957
-700
1051
-292
846
-869
30
3052
-807
520
146
693
2834
394
2038
-664
500
-1014
137
1544
-889
1002
-696
512
218
261
-912
2580
-638
1066
-924
531
32
502
3
785
959
2190
-1018
2961
316
1277
-456
68
-915
1415
-689
532
1725
-755
1567
709
167
1480
1733
389
1231
-1008
1459
-979
1476
-837
2891
-329
786
376
-990
855
-674
541
-887
-644
1194
961
811
883
310
704
-893
26
298
-639
1052
-679
1074
-953
551
485
2080
392
637
-806
1134
514
1086
-224
827
748
3062
-1007
1342
-518
660
-533
610
-793
2409
684
-737
1441
345
970
994
158
-532
1140
-987
243
817
202
-397
1536
2438
-656
1850
-628
-605
2751
166
1910
-961
-898
-589
1013
-713
1382
1509
934
891
-654
1161
-422
769
-951
474
-553
1328
1219
27
2375
4
864
865
-249
1009
1229
373
7
-764
2453
-783
2141
-412
1589
252
238
-772
899
1854
-949
-546
1325
-1009
424
185
713
5
1455
232
621
852
746
-608
2605
1191
-663
-874
2236
-719
2861
2906
-572
2992
922
1036
242
-858
1291
-1022
1538
-137
1847
2814
-864
406
871
-787
1339
358
1359
739
555
-817
2142
-900
895
841
932
2480
-624
1928
203
1063
-583
943
-1004
1560
724
457
-672
2315
-523
2628
-842
890
444
201
258
1971
-938
901
9
537
2810
300
1424
273
78
198
1150
-615
1630
-832
2170
116
-766
1466
-724
605
-685
3040
-909
2795
1197
2213
-537
1027
-777
2185
967
858
-940
6
1924
617
529
395
-765
622
690
812
-720
2105
-952
715
363
-580
1095
-809
491
77
-922
1549
2803
-530
1515
284
-747
1547
383
2692
604
912
-885
1554
1138
1380
-548
-569
138
1333
-360
71
333
1641
-563
233
1336
623
235
-781
2391
-551
3051
1364
145
2923
396
315
-645
177
1904
-865
477
391
802
197
96
20
1938
-810
1695
2437
3061
-925
976
695
1522
-775
441
1473
849
-939
1551
743
930
-756
2099
756
-712
2100
-316
-1012
1139
103
2135
-637
1861
-910
337
721
-619
810
1423
408
2353
-746
1065
-970
-872
767
-773
741
-941
869
-744
1521
-743
3146
593
763
-295
1076
-854
1755
1216
-191
892
-997
1287
718
602
-1020
2238
-634
956
132
-699
2152
1159
505
2412
793
1157
-525
1234
-798
1395
576
489
-880
1519
675
1584
-998
927
-965
1201
-405
-985
510
-673
293
2801
1319
949
31
332
-969
-840
2111
-401
683
-894
1561
-4
2842
-540
588
437
723
-156
2474
2501
-1023
470
1026
239
386
1573
-165
506
-993
2036
-822
2023
632
788
-591
1555
553
33
1668
3106
289
-386
653
-682
1556
1199
-819
737
-521
375
-691
1162
-336
1530
-549
134
1132
-635
423
69
1022
836
-601
19
575
-636
2365
3104
-761
828
-704
1075
1965
253
1862
-578
1164
3174
-866
649
2809
-930
80
1311
-516
1014
509
-290
286
-428
1331
-19
-547
1121
-163
-966
453
-688
1205
-881
712
3099
-923
2839
-916
1271
156
-623
282
45
478
-544
281
-77
-825
2755
469
-946
2006
1575
-964
1046
-395
625
1047
314
215
747
-767
2303
207
40
1405
1101
129
161
8
534
1507
-599
-852
666
-950
-374
-976
-212
1178
577
-660
2026
1252
564
1033
1160
22
-273
1235
809
1741
451
1326
-895
117
-211
368
283
1296
428
975
-779
1393
492
-738
336
190
1214
-507
919
-633
1085
448
924
1981
1699
-863
2363
-151
1192
475
2329
-286
876
-535
-659
-771
482
819
1520
-598
195
-751
472
-994
3041
-613
-307
1035
104
38
353
288
1236
-610
430
1401
-1013
-790
1272
-492
11
1276
1588
-797
824
-529
496
66
2934
-921
1458
-794
87
1010
369
997
2172
-862
2780
851
98
504
907
271
-954
547
544
1188
-698
1715
-1010
1494
-631
3069
299
1448
-718
643
1396
-816
229
2247
804
888
2166
-133
1310
-208
1911
2253
290
1499
-154
-763
354
2985
359
761
367
123
-762
399
789
816
488
736
1444
1906
-594
1505
1500
2484
910
783
432
2529
-66
-856
1750
-902
3154
2312
1404
-475
1442
-786
2408
-568
1475
1207
-821
3084
-884
-971
535
-703
2719
3175
2759
-850
-917
838
-804
937
-795
681
2043
-513
1153
1529
347
-768
2259
2169
-393
1776
2309
-848
546
863
149
-808
668
-457
-792
2094
-695
1805
1888
-298
2252
12
-937
-512
2296
-85
95
-10
680
-843
1305
-542
663
1378
-739
3015
-943
234
1292
-588
612
-18
2534
225
844
308
302
-886
598
1049
-827
-778
2371
1686
-983
606
-758
2198
584
2122
-800
-564
262
707
701
638
2361
454
-727
979
429
212
-711
850
458
1129
644
2856
115
13
65
-697
1496
480
1999
-552
670
-606
2598
-517
2798
-708
3021
635
1469
1375
476
301
1857
523
1486
73
1917
986
438
-849
1366
50
2634
2131
2346
-750
1416
840
1357
-62
778
-678
3177
853
798
-989
698
-649
1601
-716
2897
1007
171
-363
-576
771
297
2436
-959
1923
1977
164
2841
2263
1019
-879
866
1308
1237
-882
2948
-868
2514
-59
972
-820
-377
2390
309
1531
677
1880
-110
14
1097
-325
1369
1054
2646
-680
180
-92
3019
-459
340
-76
1206
613
1090
-245
2020
-96
2627
-906
1341
1079
1204
944
-505
2611
70
2233
1321
-667
2600
-833
1893
594
665
2323
-919
624
92
-757
1577
227
-986
2988
1240
-630
1306
2218
950
1873
1050
162
3155
2110
378
781
900
1431
-830
905
3153
269
-834
702
2565
481
3003
-127
39
1133
-715
1752
292
1144
1513
1518
-926
868
236
15
2295
196
691
425
16
1460
126
433
415
654
-669
1664
-280
199
-602
2056
194
-958
313
-115
439
-846
2305
260
882
311
765
-770
1377
993
1368
483
-269
773
-531
731
1147
1479
980
-1015
88
2479
-35
634
-560
-812
678
966
-314
2419
463
-788
539
578
1072
176
1670
338
893
-621
-322
696
-831
897
839
3164
1545
-905
965
1540
-219
414
-79
753
159
948
2925
1824
-647
1566
1243
759
1436
-303
214
1418
43
2114
1811
861
365
102
49
1477
-641
985
795
2873
611
331
2979
494
-782
2046
-444
-429
135
320
-319
2331
640
2872
821
744
2381
-1
255
-640
862
1527
549
-690
459
955
17
2922
-875
1689
2216
486
629
-223
1343
1302
2524
973
-932
1105
-460
1348
-982
178
-891
3036
926
1082
18
-264
1084
-845
1392
1508
-51
1406
1156
471
2356
-627
1944
-948
545
-818
59
-907
-607
692
343
-438
1470
-240
1745
-487
1005
1990
528
1262
1465
-536
-975
1789
996
-15
2632
-414
1429
219
2745
1485
1354
1356
1408
-805
2249
543
1541
-745
-802
-117
1569
-642
1258
487
579
686
1882
405
2608
1012
2258
1542
-955
614
2698
-109
-435
114
-853
76
-995
917
-68
1351
2368
1481
-100
2304
645
1482
-844
246
1314
1780
825
41
-824
3090
1259
749
2713
1355
3133
1386
1626
-908
-1001
915
1841
1563
-686
2946
352
2517
823
-172
2162
-729
2967
1685
1688
799
-586
1098
1413
1998
1753
-785
1080
-860
-710
2575
200
2678
1042
818
3118
1402
-753
74
867
-999
3108
419
1300
46
1787
796
990
-992
181
1113
-614
880
503
402
1574
565
674
1151
1484
-524
2878
1483
940
3068
-471
1587
913
-366
630
2088
1433
72
107
1582
770
1937
1289
646
-478
3136
599
2558
962
169
-963
1362
-676
279
213
1385
1422
-427
1516
688
-968
1148
-742
-321
942
1535
328
-870
2174
568
1149
1239
1316
2016
-281
-296
-538
230
2405
-103
1196
2145
-257
909
259
-617
1779
101
1108
-796
2191
561
-519
2359
-931
1905
244
2512
1772
-899
3143
1939
2613
-71
-752
752
220
34
-878
-87
-1021
706
1110
904
574
21
388
473
-424
407
1698
3029
1270
618
-113
1443
-309
-265
224
1782
2597
-776
401
1290
2609
422
-813
-835
766
-972
2671
1871
-829
2776
-184
2495
-230
914
-657
-36
-567
2410
2727
3096
-709
2084
2635
-463
-913
2712
443
2013
1478
2714
-232
1021
-722
2614
139
-390
62
2300
-278
-1019
2243
61
2595
971
-692
2468
-731
499
-490
268
-577
1125
590
1189
-539
1267
2095
330
987
3081
349
726
-632
619
-106
479
24
-620
211
2128
-263
-734
497
-935
175
209
2064
1170
2619
742
1307
119
-261
-313
216
1781
-573
1644
587
2367
2838
-803
2521
3046
3027
1376
2193
122
566
121
969
2299
1533
-927
362
-520
658
450
342
1608
569
-206
1032
-541
717
187
-626
1334
3074
2738
-477
3056
1371
2354
1179
1011
1840
2518
182
2396
3011
-473
977
-268
93
-131
814
3020
1398
2735
2781
-124
1024
83
25
416
672
-928
1645
530
-629
1242
2749
730
295
417
2294
974
-774
1572
1208
231
886
-180
82
318
1340
1285
228
738
327
-570
1634
989
676
650
2722
727
-387
-32
-359
291
270
1004
-554
1126
1525
2021
661
1137
560
1055
42
97
-960
2865
536
1210
2466
-69
1112
3092
1432
-648
1315
67
-204
641
150
1658
-801
1048
-555
1701
2058
3066
2701
938
875
133
2661
435
452
-2
2107
147
28
1694
1552
628
1130
1813
-666
118
1288
275
884
-73
-611
2594
251
-274
2936
2840
-300
524
-183
982
1799
-579
460
2464
1553
-693
807
29
2097
-855
1344
-501
2655
1225
-1016
1358
410
2536
84
1851
978
-407
656
-43
-575
-389
2019
152
-901
592
740
1221
85
596
2816
1372
-41
305
1345
947
903
515
1491
-892
3086
3075
-918
1062
2140
507
1128
1419
1222
-234
1451
571
1679
2251
758
1020
2031
1045
1894
-936
540
1278
412
-482
357
1183
2062
908
-39
-64
1039
550
1438
1889
155
-84
-138
936
1388
1471
519
-380
2707
-63
2199
-215
2182
-24
-474
1510
679
-104
263
421
-582
662
2677
2695
-811
831
1023
2232
615
-17
998
317
-283
1182
2808
51
-500
64
-799
1713
-82
1804
1275
-651
1165
1883
2273
1092
2442
112
581
1228
-574
1852
189
2766
1640
830
1282
963
-50
719
1934
-31
1534
527
928
2666
2147
-90
1390
879
2933
1293
2790
2788
2334
552
3079
131
-338
1127
797
-320
-14
1184
953
2005
-616
-93
887
992
431
685
881
2415
859
192
3085
1759
1842
734
2372
2183
3035
3057
1167
217
2631
464
1317
1897
2414
2507
2137
1867
3125
2674
361
2665
-759
2161
1712
1680
-730
1089
1064
586
2893
-276
1249
-112
364
1109
-789
3033
1180
832
835
-423
631
-213
2870
1855
-337
3042
2446
2267
-410
2955
-646
2828
-754
1329
157
1146
-1006
2683
2960
1299
3088
2854
1628
2134
285
813
1956
878
1450
1426
877
1294
2282
-493
518
1650
-600
-511
183
2194
1506
808
278
385
954
1743
-308
3180
-652
829
3101
1993
916
1576
-489
1681
449
2742
-266
1141
2488
988
1155
237
1696
1568
442
1472
127
533
-370
2921
885
1031
324
2762
3010
-565
1947
1374
-171
750
210
673
-101
608
933
-267
2314
-903
3026
951
2779
1043
784
-944
1169
143
2268
1353
2953
1409
427
2341
-480
2102
1463
1266
2055
1729
36
1749
1834
3124
1213
-996
671
667
2806
1931
902
2593
2681
3122
-622
191
277
344
-466
2467
-185
2350
2791
2040
-991
920
329
2427
-851
1891
1464
-365
2093
2054
2807
1543
792
1067
-149
1735
2075
-581
1202
1812
2697
2528
-717
-528
2880
-288
2513
2835
-166
3119
-55
397
847
1122
2818
-977
782
1274
346
1829
2908
-675
1738
964
2676
1546
572
-496
2569
2279
733
2747
2389
2229
2739
791
3112
-164
1860
124
1615
2822
-272
1892
1653
3144
2090
-146
780
1731
57
557
2011
845
648
418
1037
538
-9
-437
1760
745
3156
-236
1434
-23
-486
2428
2487
2033
2490
1116
-687
136
-225
2462
946
1123
-681
2591
2926
820
2890
2895
1323
2481
1927
1453
-170
2862
266
1061
935
173
-454
3073
-99
591
79
-920
2653
-522
-327
-420
-883
2928
205
1030
777
1313
1859
-285
1389
3082
462
1172
-270
854
834
1963
1394
-65
2568
1636
-237
595
2366
2332
2241
918
272
1635
1941
2679
1559
1558
-439
636
-430
-70
2463
1833
-250
2177
-347
2052
356
335
-226
2588
2012
1659
655
-367
3000
2395
1093
983
163
2620
3072
447
223
-470
3048
1057
60
1227
2245
2837
2640
120
-590
931
3006
1215
779
2225
2382
-260
1223
562
1000
2825
-181
2851
2718
1704
490
-143
1152
774
1198
360
2782
1248
-120
140
548
517
1995
2455
1684
2904
2423
-121
1697
1268
-153
445
1253
-216
2871
2154
193
3001
-1011
-255
-897
89
466
2413
108
2291
2342
461
-705
1838
616
1421
2336
2930
2685
-125
1879
1338
1788
1734
2974
1929
2590
2293
708
2753
-332
3102
2425
597
2717
633
312
1523
-375
1816
1304
325
1136
1071
2374
3172
1835
-702
1083
1754
2009
1428
1727
-358
1187
63
1425
1946
-447
1449
2959
1487
2106
-839
-736
1903
559
1124
1400
898
380
-162
47
2461
2504
2599
495
1660
-52
984
81
2224
2673
-136
105
-130
2686
2324
-404
3103
682
2417
2215
3163
-1003
2254
1347
-97
703
-462
2761
2643
222
1040
2328
2892
1261
2387
1617
1324
1907
1502
1785
3162
404
2850
1163
2159
174
1250
2471
2654
1623
1571
2061
2525
-394
1120
323
1930
341
582
-221
1446
250
2797
-595
2887
2053
1702
2008
1417
1309
-167
522
99
153
351
1145
762
2511
-6
2494
-956
1784
400
2706
1260
1802
-655
188
1524
2292
-312
75
627
2048
-488
2014
1244
125
374
-431
2407
1181
1966
1142
-451
1399
2073
2477
2208
393
567
2078
-271
-371
2454
-465
2160
221
768
2561
326
711
958
-684
248
1606
2618
-304
2039
1918
1942
-148
714
1001
142
2206
2763
699
2574
2754
2079
2320
2085
1511
1044
2181
700
589
-392
-29
267
2146
-98
-95
1870
-179
2441
1073
732
2217
-356
2360
1038
1667
2399
2708
620
2832
-452
526
465
2189
1265
276
1994
411
1363
1158
3113
1632
1872
2889
3140
-354
-418
1437
521
1610
2275
1661
981
1176
3025
2492
1579
1989
1461
2881
1241
2219
2321
2802
296
1217
1955
2421
100
-114
1591
1445
-494
2024
-175
1058
1457
1327
-453
-277
-481
3126
2124
3150
109
1826
2648
2180
1273
2956
2029
-450
1925
-342
2473
1168
-293
2212
1504
1926
1593
-413
2603
-123
-476
1537
1528
-353
1029
-668
1676
168
1203
2230
2439
1800
2148
2716
-178
2624
-461
2451
2502
172
1254
2530
3145
2947
-139
2434
265
-177
-984
-306
2805
1099
1226
1845
1964
600
2885
2200
2844
694
1621
1863
2069
2639
2176
2163
2527
775
1709
2277
911
1034
2298
1721
1723
321
659
322
716
2416
2269
-246
2868
-241
1987
254
2756
800
184
390
2452
1360
3117
-873
2778
2340
-94
-141
384
377
2715
58
2386
-61
1557
-871
1154
1224
1839
554
1708
803
-464
1384
-200
1094
2731
705
-981
1958
1764
2586
1427
-509
2214
-108
3080
-448
-510
2256
1102
2109
2030
2394
1595
2651
247
-33
1736
-728
2550
3008
-957
2952
3132
833
-847
1430
339
2886
2086
257
1056
815
-78
-144
1059
2265
-398
3107
1909
2877
-275
2420
1320
1383
2997
113
1625
-369
2010
728
387
2969
2210
2950
1548
2911
1503
-72
2931
2971
1174
2526
580
1982
1488
-376
1673
2228
542
-318
-399
2652
3022
1119
-748
2188
2793
-1002
-416
2255
294
-468
413
2963
2060
2579
1663
1100
1769
1580
2540
1060
2017
398
-26
1025
303
3060
2662
1435
1131
-42
1107
-382
2610
2227
91
2964
1264
2089
874
2800
371
94
2757
1562
1335
1714
-262
350
1185
2449
-485
-128
2373
1866
2616
2316
2283
2918
1594
2945
1115
-80
1220
3176
2733
-499
3005
2823
3024
-402
1166
2916
1603
-34
842
2750
3009
1614
720
-406
2743
2943
2970
2066
2392
1691
2535
2860
3095
1683
3114
1649
2165
1407
2621
1474
1017
2112
-381
2121
2469
776
1077
1771
2638
-201
1365
-661
1820
-378
1106
2566
1700
2853
2018
1818
2572
-310
86
1279
2962
1565
-11
1218
2244
2523
1898
3151
-105
1069
968
3094
2322
2318
2615
2333
2991
-256
2470
2000
3031
3157
2393
1078
2136
1827
1414
2944
1318
-472
2498
1493
-54
1512
2398
806
-333
-210
2355
-189
1397
-441
2204
484
2068
306
-197
1718
2821
1585
-3
2203
-396
1798
822
2503
1792
1890
2149
3168
2533
2139
2411
607
2539
456
-421
1495
-40
1501
1517
3053
1497
-502
241
2130
1381
2993
2076
3135
-258
2972
1468
2966
-195
-417
3147
2285
-218
-254
2344
2164
1622
1230
1953
-229
-122
304
2246
1330
2115
1624
-587
2155
-21
1666
1391
141
2384
2429
2348
3097
-467
-302
148
-495
2531
1786
2015
669
3083
1643
1190
2496
1922
403
2771
-294
2081
2847
1657
2448
467
2867
1672
1724
2927
2083
2684
-432
2903
2704
1420
-222
-196
-400
3129
-16
2337
2456
1806
2119
-235
1757
-193
2831
2792
1440
-194
2562
-107
2874
-145
2274
2888
2907
2357
1212
1674
2497
2400
319
-25
1633
-161
2022
2037
2848
-328
2812
3002
2657
2440
-425
1581
1846
1836
1822
2938
1570
1171
-330
2883
-140
1233
-349
3131
2091
1586
3023
2909
2403
2691
2696
1979
3045
-118
2583
1793
-498
2817
2723
1654
3016
2864
1885
-484
-91
1280
1143
1590
-391
-345
2899
2485
2570
2358
1899
2458
2074
3120
2087
1986
3161
-38
2459
2940
2622
2123
2168
-57
1193
1298
2932
2071
1984
-173
2515
2447
-433
1103
2789
1763
-202
-30
2726
3087
2949
2721
1968
-449
1693
2815
1945
2758
2549
1195
2266
2049
2914
1952
2866
2845
1088
-168
2431
2522
2939
-158
508
2998
1642
1186
2924
760
3013
1978
-289
2573
2879
2338
-238
-75
-176
3149
1976
2308
1853
2505
3089
2617
2989
-301
1245
2132
-259
-37
1790
2201
1717
2508
-160
1916
1627
1858
2830
1758
657
1886
1756
1281
1728
-491
-182
1768
3152
3128
3070
2995
1514
2680
2984
2369
-27
-331
1256
2768
-408
-419
2672
1716
2740
-415
-357
1933
3141
2509
1671
2552
1597
-323
2980
2376
-147
1286
-297
-217
2178
2978
1675
-132
1016
2542
-205
2221
1349
-483
2047
2784
2689
-45
2104
1726
-60
-506
2827
2313
1607
2982
2547
2571
2025
2833
-341
2629
-426
-13
2649
1492
1740
2007
2863
2563
-228
2435
1970
1028
3004
1564
2694
3171
1985
1920
2546
3115
2220
2310
3093
3044
2171
2682
2059
-252
-135
2002
1312
2920
3139
-227
2327
3142
1269
2658
2846
-187
2968
1598
-379
2280
1849
2663
1775
1175
446
3065
1844
1974
1887
-47
-346
1091
-74
1900
1817
2173
3049
3055
2493
1173
2126
2103
-152
1526
2133
2589
-508
2187
2143
2242
1896
1637
1337
2732
-233
751
1690
1796
2510
1678
2642
2379
3037
1361
1973
-83
2192
2339
1732
1592
2901
1770
-203
-56
2852
1707
3047
1913
2773
-361
1831
1539
2813
2457
1825
1737
1962
1646
3071
1297
1972
2910
2096
2687
1921
-504
2705
3121
2537
1821
2364
1975
2118
1720
-287
2250
2601
2700
2125
2051
1490
2670
2994
2647
2941
2401
2786
-446
2306
2587
2690
1868
2205
280
2554
-455
2231
-385
2752
1915
-209
2858
-231
2444
-12
2556
1744
-352
2855
1954
1613
2151
1875
3064
2486
-142
1263
3078
48
-7
1652
2915
1908
-284
-315
-116
2882
-134
2287
1902
2699
3159
1961
3032
2703
1957
1832
1710
-299
2905
2432
1878
3059
2186
1969
1739
2709
1766
1705
1932
-8
2725
1765
-58
1803
2278
2996
2042
3017
-334
1629
1959
-340
2211
1211
2120
2836
2664
2737
1387
2981
2406
-126
1864
2226
3116
2607
2271
1865
2849
2101
-282
-48
1200
2824
2289
1819
3077
1677
2693
-28
2257
-403
2667
2345
-192
2516
274
-445
2976
-324
2116
1651
2767
-355
-350
2430
2884
2545
1648
2702
2876
2234
2630
2288
2108
1257
2465
1828
-86
3130
-362
2153
2301
2606
2302
1877
2317
2027
-169
2942
2378
2602
1996
1053
2197
2404
2499
1600
2626
-373
2794
2633
2276
2335
1869
2660
2894
2184
1856
-409
2760
3165
1951
2001
2783
-368
-155
1936
2543
2179
-243
-214
2875
1612
2351
2983
-174
2167
3138
2196
-207
2551
1949
2483
-469
-242
1940
2820
-188
3170
2239
2377
2270
2248
2157
3007
2158
-244
2347
2272
2986
2954
-111
2491
2912
2775
3158
2596
-190
2383
-22
-129
2297
1656
-317
3148
2004
1283
1687
-67
2650
2567
1795
2235
-46
-49
-503
2380
2237
1602
3110
2402
2072
2443
2859
-119
2958
2311
1604
1599
1794
2582
2129
2156
2195
1967
-251
2260
1746
3109
2138
2067
2207
2500
2604
-247
3058
3127
1620
2902
2117
2262
1815
-384
3018
-388
1810
2975
1412
-372
-198
-479
3178
3173
1655
2669
2623
2770
2028
1711
3100
-20
2898
1639
2645
1807
2584
2811
2319
2625
2450
-383
2675
2240
2935
1801
2150
1456
2656
3012
-443
1901
2222
2045
2557
2326
-434
1874
2460
-81
3134
-279
2264
3014
2736
2578
1791
2990
2113
-199
2426
3160
1814
2659
2541
1773
2785
2937
1669
2034
2544
2896
1778
1988
2819
2560
2144
3123
1809
2063
1761
1616
2744
2362
1914
2592
2777
2532
2370
2748
2082
2729
2900
1797
2769
2577
1960
2388
2724
1948
2070
2637
2050
3137
2475
2576
2957
2349
2612
3105
2734
-5
2636
2826
-305
1823
2519
2482
2553
1631
2520
1742
1808
2641
2728
2999
2720
1638
2035
1843
2843
2688
3169
3167
2538
2929
2433
3028
3179
2127
3043
1605
2209
2987
1837
2965
1777
3098
2973
1881
1747
2032
2281
-458
1943
1706
2913
3067
2343
1703
3039
1991
1748
2774
1774
3034
2796
2003
1830
2424
2741
2919
1751
2710
1876
2555
2951
3038
1919
2325
2286
-186
2764
2077
2581
1647
1619
1983
2092
3091
2730
2307
2223
1692
2564
1665
2772
1611
2041
2472
2330
2175
1722
2829
1895
1767
2917
2869
2644
2284
1609
2746
3111
3063
2857
2506
2445
1762
2476
1980
1662
1992
1848
1912
2261
2422
2352
2977
1935
2559
3181
3182
3183
3184
3185
3186
3187
3188
3189
3190
3191
3192
3193
3194
3195
3196
3197
3198
3199
3200
3201
3202
3203
3204
3205
3206
3207
3208
3209
3210
3211
3212
3213
3214
3215
3216
3217
3218
3219
3220
3221
3222
3223
3224
3225
3226
3227
3228
3229
3230
3231
3232
3233
3234
3235
3236
3237
3238
3239
3240
3241
3242
3243
3244
3245
3246
3247
3248
3249
3250
3251
3252
3253
3254
3255
3256
3257
3258
3259
3260
3261
3262
3264
3265
3266
3267
3268
3269
3270
3271
3272
3273
3274
3275
3276
3277
3278
3279
3280
3281
3282
3283
3284
3285
3286
3287
3288
3289
3290
3291
3292
3293
3294
3295
3296
3297
3298
3299
3300
3301
3302
3303
3304
3305
3306
3307
3308
3309
3310
3311
3312
3313
3314
3315
3316
3317
3318
3319
3320
3321
3322
3323
3324
3325
3326
3327
3328
3329
3330
3331
3332
3333
3334
3335
3336
3337
3338
3339
3340
3341
3342
3343
3344
3345
3346
3347
3348
3349
3350
3351
3352
3353
3354
3355
3356
3357
3358
3359
3360
3361
3362
3363
3364
3365
3366
3368
3369
3370
3371
3372
3373
3374
3375
3376
3377
3378
3379
3380
3381
3382
3383
3384
3385
3386
3387
3388
3390
3391
3392
3393
3394
3395
3396
3397
3398
3399
3400
3401
3402
3403
3404
3405
3406
3407
3408
3409
3410
3411
3412
3413
3414
3415
3416
3417
3418
3419
3420
3421
3422
3423
3424
3425
3426
3427
3428
3429
3430
3431
3432
3433
3434
3435
3436
3437
3438
3439
3440
3441
3442
3443
3444
3445
3446
3447
3448
3449
3450
3451
3452
3453
3454
3455
3456
3457
3458
3459
3460
3461
3462
3463
3464
3465
3466
3467
3468
3469
3470
3471
3472
3473
3474
3475
3476
3477
3478
3479
3480
3481
3482
3483
3484
3485
3486
3487
3488
3489
3490
3491
3492
3493
3494
3495
3496
3497
3498
3499
3500
3501
3502
3503
3504
3505
3506
3507
3508
3509
3510
3511
3512
3513
3514
3515
3516
3517
3518
3519
3520
3521
3522
3523
3524
3525
3526
3527
3528
3529
3530
3531
3532
3533
3534
3535
3536
3537
3538
3539
3540
3541
3542
3543
3544
3545
3546
3547
3548
3549
3550
3551
3552
3553
3554
3555
3556
3557
3558
3559
3560
3561
3562
3563
3564
3565
3566
3567
3568
3569
3570
3571
3572
3573
3574
3575
3576
3577
3578
3579
3580
3581
3582
3583
3584
3585
3586
3587
3588
3589
3590
3591
3592
3593
3594
3595
3596
3597
3598
3599
3600
3601
3602
3603
3604
3605
3606
3607
3608
3609
3610
3611
3612
3613
3614
3615
3616
3617
3618
3619
3620
3621
3622
3623
3624
3625
3626
3627
3628
3629
3630
3631
3632
3633
3634
3635
3636
3637
3638
3639
3640
3641
3642
3643
3644
3645
3646
3647
3648
3649
3650
3651
3652
3653
3654
3655
3656
3657
3658
3659
3660
3661
3662
3663
3664
3665
3666
3667
3668
3669
3670
3671
3672
3673
3674
3675
3676
3677
3678
3679
3680
3681
3682
3683
3684
3685
3686
3687
3688
3689
3690
3691
3692
3693
3694
3695
3696
3697
3698
3699
3700
3701
3702
3703
3704
3705
3706
3707
3708
3709
3710
3711
3712
3713
3714
3715
3716
3717
3718
3719
3720
3721
3722
3723
3724
3725
3726
3727
3728
3729
3730
3731
3732
3733
3734
3735
3736
3737
3738
3739
3740
3741
3742
3743
3744
3745
3746
3747
3748
3749
3750
3751
3752
3753
3754
3755
3756
3757
3758
3759
3760
3761
3762
3764
3765
3766
3767
3768
3769
3770
3771
3772
3773
3774
3775
3776
3778
3779
3780
3781
3782
3783
3784
3785
3786
3787
3788
3789
3790
3791
3792
3793
3794
3795
3796
3797
3798
3799
3800
3801
3802
3803
3804
3805
3806
3807
3808
3809
3810
3811
3812
3813
3814
3815
3816
3817
3818
3819
3820
3821
3822
3823
3824
3825
3826
3827
3828
3829
3830
3831
3832
3833
3834
3835
3836
3837
3838
3839
3840
3841
3842
3843
3844
3845
3846
3847
3848
3849
3850
3851
3852
3853
3854
3855
3856
3857
3858
3859
3860
3861
3862
3863
3864
3865
3866
3867
3868
3869
3870
3871
3872
3873
3874
3875
3876
3877
3878
3879
3880
3881
3882
3883
3884
3885
3886
3887
3888
3889
3890
3891
3892
3893
3894
3895
3896
3898
3899
3900
3901
3902
3903
3904
3905
3906
3907
3908
3909
3910
3911
3912
3913
3914
3915
3916
3917
3918
3919
3920
3921
3922
3923
3924
3925
3926
3927
3928
3929
3930
3931
3932
3933
3934
3935
3936
3937
3938
3939
3940
3941
3942
3943
3944
3945
3946
3947
3948
3949
3950
3951
3952
3953
3954
3955
3956
3957
3958
3959
3960
3961
3962
3963
3964
3965
3966
3967
3968
3969
3970
3971
3972
3973
3974
3975
3976
3977
3978
3979
3980
3981
3982
3983
3984
3985
3986
3987
3988
3989
3990
3991
3992
3993
3994
3995
3996
3997
3998
3999
4000
4001
4002
4003
4004
4005
4006
4007
4008
4009
4010
4011
4012
4013
4014
4015
4016
4017
4018
4019
4020
4021
4022
4023
4024
4025
4026
4027
4028
4029
4030
4031
4032
4033
4034
4035
4036
4037
4038
4039
4040
4041
4042
4043
4044
4045
4046
4047
4048
4049
4050
4051
4052
4053
4054
4055
4056
4057
4058
4059
4060
4061
4062
4063
4064
4065
4066
4067
4068
4069
4070
4071
4072
4073
4074
4075
4076
4077
4078
4079
4080
4081
4082
4083
4084
4086
4087
4088
4089
4090
4091
4092
4093
4094
4095
4096
4097
4098
4099
4100
4101
4102
4103
4104
4105
4106
4107
4108
4109
4110
4111
4112
4113
4114
4115
4116
4117
4118
4119
4120
4121
4122
4123
4124
4125
4126
4127
4128
4129
4130
4131
4132
4133
4134
4135
4136
4137
4138
4139
4140
4141
4142
4143
4144
4145
4146
4147
4148
4149
4150
4151
4152
4153
4154
4155
4156
4157
4158
4159
4160
4161
4162
4163
4165
4166
4167
4168
4169
4170
4171
4172
4173
4174
4175
4176
4177
4178
4179
4180
4181
4182
4183
4184
4185
4186
4187
4188
4189
4190
4191
4192
4193
4194
4195
4196
4197
4198
4199
4200
4202
4203
4204
4205
4206
4207
4208
4209
4210
4211
4212
4213
4214
4215
4216
4217
4218
4219
4220
4221
4222
4223
4224
4225
4226
4227
4228
4229
4230
4231
4232
4233
4234
4235
4236
4237
4238
4239
4240
4241
4242
4243
4244
4245
4246
4247
4248
4249
4250
4251
4252
4253
4254
4255
4256
4257
4258
4259
4260
4261
4262
4263
4264
4265
4266
4267
4268
4269
4270
4271
4272
4273
4274
4275
4276
4277
4278
4279
4280
4281
4282
4283
4284
4285
4286
4287
4288
4289
4290
4291
4292
4293
4294
4295
4296
4297
4298
4299
4300
4301
4302
4303
4304
4305
4306
4307
4308
4309
4310
4311
4312
4313
4314
4315
4316
4317
4318
4319
4320
4321
4322
4323
4324
4326
4327
4328
4329
4330
4331
4332
4333
4334
4335
4336
4337
4338
4339
4340
4341
4342
4343
4344
4345
4346
4347
4348
4349
4350
4351
4352
4353
4354
4355
4356
4357
4358
4359
4360
4361
4362
4363
4364
4365
4366
4367
4368
4369
4370
4371
4372
4373
4374
4375
4376
4377
4378
4379
4380
4381
4382
4383
4384
4385
4386
4387
4388
4389
4390
4391
4392
4393
4394
4395
4396
4397
4398
4399
4400
4401
4402
4403
4404
4405
4406
4407
4408
4409
4410
4411
4412
4413
4414
4415
4416
4417
4418
4419
4420
4421
4422
4423
4424
4425
4426
4427
4428
4429
4430
4431
4432
4433
4434
4435
4436
4437
4438
4439
4440
4441
4442
4443
4444
4445
4446
4447
4448
4449
4450
4451
4453
4454
4455
4457
4458
4459
4460
4461
4462
4463
4464
4465
4466
4467
4468
4469
4470
4471
4472
4473
4474
4475
4476
4477
4478
4479
4480
4481
4482
4483
4484
4485
4486
4487
4488
4489
4490
4491
4492
4493
4494
4495
4496
4497
4498
4499
4500
4501
4502
4503
4504
4505
4506
4507
4508
4509
4510
4511
4512
4513
4514
4515
4516
4517
4518
4519
4520
4521
4522
4523
4524
4525
4526
4527
4528
4529
4530
4531
4532
4533
4534
4535
4536
4537
4538
4539
4540
4541
4542
4543
4544
4545
4546
4547
4548
4549
4550
4551
4552
4553
4554
4555
4556
4557
4558
4559
4560
4561
4562
4563
4564
4566
4567
4568
4569
4570
4571
4572
4573
4574
4575
4576
4577
4578
4579
4580
4581
4582
4583
4584
4585
4586
4587
4588
4589
4590
4591
4592
4593
4594
4595
4596
4597
4598
4599
4600
4601
4602
4603
4604
4605
4606
4607
4608
4609
4610
4611
4612
4613
4614
4615
4616
4617
4618
4619
4620
4621
4622
4623
4624
4625
4626
4627
4628
4629
4630
4631
4632
4633
4634
4635
4636
4637
4638
4639
4640
4641
4642
4643
4644
4645
4646
4647
4648
4649
4650
4651
4652
4653
4654
4655
4657
4658
4659
4660
4661
4662
4663
4664
4665
4666
4667
4668
4669
4670
4671
4672
4673
4674
4675
4676
4677
4678
4679
4680
4681
4682
4683
4684
4685
4686
4687
4688
4689
4690
4691
4692
4693
4694
4695
4696
4697
4698
4699
4700
4701
4702
4703
4704
4705
4706
4707
4708
4709
4710
4711
4712
4713
4714
4715
4716
4717
4718
4719
4720
4721
4722
4723
4724
4725
4726
4727
4728
4729
4730
4731
4732
4733
4734
4735
4736
4737
4738
4739
4740
4741
4742
4743
4744
4745
4748
4749
4750
4751
4752
4753
4754
4755
4756
4757
4758
4759
4760
4761
4762
4763
4764
4765
4766
4767
4768
4769
4770
4771
4772
4773
4774
4775
4776
4777
4778
4779
4780
4781
4782
4783
4784
4786
4787
4788
4789
4790
4791
4792
4793
4794
4795
4796
4797
4798
4799
4800
4801
4802
4803
4804
4805
4806
4807
4808
4809
4810
4811
4812
4813
4814
4815
4816
4817
4818
4819
4820
4821
4822
4823
4824
4825
4826
4827
4828
4829
4830
4831
4832
4834
4835
4836
4837
4838
4839
4840
4841
4842
4843
4844
4845
4846
4847
4848
4849
4850
4851
4852
4853
4854
4855
4856
4857
4858
4859
4860
4861
4862
4863
4864
4865
4866
4867
4868
4869
4870
4871
4872
4873
4874
4875
4876
4877
4878
4879
4880
4881
4882
4883
4884
4885
4886
4887
4888
4889
4890
4891
4892
4893
4894
4895
4896
4897
4898
4899
4900
4901
4902
4903
4904
4905
4906
4907
4908
4909
4910
4911
4912
4913
4914
4915
4916
4917
4918
4919
4920
4921
4922
4923
4924
4925
4926
4927
4928
4929
4930
4931
4932
4933
4934
4935
4936
4937
4938
4939
4940
4941
4942
4943
4944
4945
4946
4947
4948
4949
4950
4951
4952
4953
4954
4955
4956
4957
4958
4959
4960
4961
4962
4963
4964
4965
4966
4967
4968
4969
4970
4971
4972
4973
4974
4975
4976
4977
4978
4979
4980
4981
4982
4983
4984
4985
4986
4987
4988
4989
4990
4991
4992
4993
4994
4995
4996
4997
4998
4999
5000
5001
5002
5003
5004
5005
5006
5007
5008
5009
5010
5011
5012
5013
5014
5015
5016
5017
5018
5019
5020
5021
5022
5023
5024
5025
5026
5027
5028
5029
5030
5031
5032
5033
5034
5035
5036
5037
5038
5039
5040
5041
5042
5043
5044
5045
5046
5047
5048
5049
5050
5051
5052
5053
5054
5055
5056
5057
5058
5059
5060
5061
5062
5063
5064
5065
5066
5067
5068
5069
5070
5071
5072
5073
5074
5075
5076
5077
5078
5079
5080
5081
5082
5083
5084
5085
5086
5087
5088
5089
5090
5091
5092
5093
5094
5095
5096
5097
5098
5099
5100
5101
5102
5103
5104
5105
5106
5107
5108
5109
5110
5111
5112
5113
5114
5115
5116
5117
5118
5119
5120
5121
5122
5123
5124
5125
5126
5127
5128
5129
5130
5131
5132
5133
5134
5135
5136
5137
5138
5139
5140
5141
5142
5143
5144
5145
5146
5147
5148
5149
5150
5151
5152
5153
5154
5155
5156
5157
5158
5159
5160
5161
5162
5163
5164
5165
5166
5167
5168
5169
5170
5171
5172
5173
5174
5175
5176
5177
5178
5179
5180
5181
5182
5183
5185
5186
5187
5188
5189
5190
5191
5192
5193
5194
5195
5196
5197
5198
5199
5200
5201
5202
5203
5204
5205
5206
5207
5208
5209
5210
5211
5212
5213
5214
5215
5216
5217
5218
5219
5220
5221
5222
5223
5224
5225
5226
5227
5228
5229
5230
5231
5232
5233
5234
5235
5236
5237
5238
5239
5240
5241
5242
5243
5244
5245
5246
5247
5248
5249
5250
5251
5252
5253
5254
5255
5256
5257
5258
5259
5260
5261
5262
5263
5264
5265
5266
5267
5268
5269
5270
5271
5272
5273
5274
5275
5276
5277
5278
5279
5280
5281
5282
5283
5284
5285
5286
5287
5289
5290
5291
5292
5293
5294
5295
5296
5297
5298
5299
5300
5301
5302
5303
5304
5305
5306
5307
5308
5309
5310
5311
5312
5313
5314
5315
5316
5317
5318
5319
5320
5321
5322
5323
5324
5325
5326
5327
5328
5329
5330
5331
5332
5333
5334
5335
5336
5337
5338
5339
5340
5341
5342
5343
5344
5345
5346
5347
5348
5349
5350
5351
5352
5353
5354
5355
5356
5357
5358
5359
5360
5361
5362
5363
5364
5365
5366
5367
5369
5370
5371
5372
5373
5374
5375
5376
5377
5378
5379
5380
5381
5382
5383
5384
5385
5386
5387
5388
5389
5390
5391
5392
5393
5394
5395
5396
5397
5398
5399
5400
5401
5402
5404
5405
5406
5407
5408
5409
5410
5411
5412
5413
5414
5415
5416
5417
5418
5419
5420
5421
5422
5423
5424
5425
5426
5427
5428
5429
5430
5431
5432
5433
5434
5435
5436
5437
5438
5439
5440
5441
5442
5443
5444
5445
5446
5447
5448
5449
5450
5451
5452
5453
5454
5455
5456
5457
5458
5459
5460
5461
5462
5463
5464
5465
5466
5467
5468
5469
5470
5471
5472
5473
5474
5475
5476
5477
5478
5479
5480
5481
5482
5483
5484
5485
5486
5487
5488
5489
5490
5491
5492
5493
5494
5495
5496
5497
5498
5499
5500
5501
5502
5503
5504
5505
5506
5507
5508
5509
5510
5511
5512
5513
5515
5516
5517
5518
5519
5520
5521
5522
5523
5524
5525
5526
5527
5528
5529
5530
5531
5532
5533
5534
5535
5536
5537
5538
5539
5540
5541
5542
5543
5544
5545
5546
5547
5548
5549
5550
5551
5552
5553
5554
5555
5556
5557
5558
5559
5560
5561
5562
5563
5564
5565
5566
5567
5568
5569
5570
5571
5572
5573
5574
5575
5576
5577
5578
5579
5580
5581
5582
5583
5584
5585
5586
5587
5588
5589
5590
5591
5592
5593
5594
5595
5596
5597
5598
5599
5600
5601
5602
5603
5604
5605
5606
5607
5608
5609
5610
5611
5612
5613
5614
5615
5616
5617
5618
5619
5620
5621
5622
5623
5624
5625
5626
5627
5628
5629
5630
5631
5632
5633
5634
5635
5636
5637
5638
5639
5640
5641
5642
5643
5644
5645
5646
5647
5648
5649
5650
5651
5652
5653
5654
5655
5656
5657
5658
5659
5660
5661
5662
5663
5664
5665
5666
5667
5668
5669
5670
5671
5672
5673
5674
5675
5676
5678
5679
5680
5681
5682
5683
5684
5685
5686
5687
5688
5689
5690
5691
5692
5693
5694
5695
5696
5697
5698
5699
5700
5701
5702
5703
5704
5705
5706
5707
5708
5709
5710
5711
5712
5713
5714
5715
5716
5717
5718
5719
5720
5721
5722
5723
5724
5725
5726
5727
5728
5729
5730
5731
5732
5733
5734
5735
5736
5737
5738
5739
5740
5741
5742
5743
5744
5745
5746
5747
5748
5749
5750
5751
5752
5753
5754
5755
5756
5757
5758
5759
5760
5761
5762
5763
5764
5765
5766
5767
5768
5769
5770
5771
5772
5773
5774
5775
5776
5777
5778
5779
5780
5781
5782
5783
5784
5785
5786
5787
5788
5789
5790
5791
5792
5793
5794
5795
5796
5797
5798
5799
5800
5801
5802
5803
5804
5805
5806
5807
5808
5809
5810
5811
5812
5813
5814
5815
5816
5817
5818
5819
5820
5821
5822
5823
5824
5825
5826
5827
5828
5829
5830
5831
5832
5833
5834
5835
5836
5837
5838
5839
5840
5841
5842
5843
5844
5845
5846
5847
5848
5849
5850
5851
5852
5853
5854
5855
5856
5857
5858
5859
5860
5861
5862
5863
5864
5865
5866
5867
5868
5869
5870
5871
5872
5873
5874
5875
5876
5877
5878
5879
5880
5881
5882
5883
5884
5885
5886
5887
5888
5889
5890
5891
5892
5893
5894
5895
5896
5897
5898
5899
5900
5901
5902
5903
5904
5905
5906
5907
5908
5909
5910
5911
5912
5913
5914
5915
5916
5917
5918
5919
5920
5922
5923
5924
5925
5926
5927
5928
5929
5930
5931
5932
5933
5934
5935
5936
5937
5938
5939
5940
5941
5942
5943
5944
5945
5946
5947
5948
5949
5950
5951
5952
5953
5954
5955
5956
5957
5958
5959
5960
5961
5962
5963
5964
5965
5966
5967
5968
5969
5970
5971
5972
5973
5974
5975
5976
5977
5978
5979
5980
5981
5982
5983
5984
5985
5986
5987
5988
5989
5990
5991
5992
5993
5994
5995
5996
5997
5998
5999
6000
6001
6002
6003
6004
6005
6006
6007
6008
6009
6010
6011
6012
6013
6014
6015
6016
6017
6018
6019
6020
6021
6022
6023
6024
6025
6026
6027
6028
6029
6030
6031
6032
6033
6034
6035
6036
6037
6038
6039
6040
6041
6042
6043
6044
6045
6046
6047
6048
6049
6050
6051
6052
6053
6054
6055
6056
6057
6058
6059
6060
6061
6062
6063
6064
6065
6066
6067
6068
6069
6070
6071
6072
6073
6074
6075
6076
6077
6078
6079
6080
6081
6082
6083
6084
6085
6086
6087
6088
6089
6090
6091
6092
6093
6094
6095
6096
6097
6098
6099
6100
6101
6102
6103
6104
6105
6106
6107
6108
6109
6110
6111
6112
6113
6114
6115
6116
6117
6118
6119
6120
6121
6122
6123
6124
6125
6126
6127
6128
6129
6130
6131
6132
6133
6134
6135
6136
6137
6138
6139
6140
6141
6142
6143
6144
6145
6146
6147
6148
6149
6150
6151
6152
6153
6154
6155
6156
6157
6158
6159
6160
6161
6162
6163
6164
6165
6166
6167
6168
6169
6170
6171
6172
6173
6174
6175
6176
6177
6178
6179
6180
6181
6182
6183
6184
6185
6186
6187
6188
6189
6190
6191
6192
6193
6194
6195
6197
6198
6199
6200
6201
6202
6203
6204
6205
6206
6207
6208
6209
6210
6211
6212
6213
6214
6215
6216
6217
6218
6219
6220
6221
6222
6223
6224
6225
6226
6227
6228
6229
6230
6231
6232
6233
6234
6235
6236
6237
6238
6239
6240
6241
6242
6243
6244
6245
6246
6247
6248
6249
6250
6251
6252
6253
6254
6255
6256
6257
6258
6259
6260
6261
6262
6263
6264
6265
6266
6267
6268
6269
6270
6271
6272
6273
6274
6275
6276
6277
6278
6279
6280
6281
6282
6283
6284
6285
6286
6287
6288
6289
6290
6291
6292
6293
6294
6295
6296
6297
6298
6299
6300
6301
6302
6303
6304
6305
6306
6307
6308
6309
6310
6311
6312
6313
6314
6315
6316
6317
6318
6319
6320
6321
6322
6323
6324
6325
6326
6327
6328
6329
6330
6331
6332
6333
6334
6335
6336
6337
6338
6339
6340
6341
6342
6343
6344
6345
6346
6347
6348
6349
6350
6351
6352
6353
6354
6355
6356
6357
6358
6359
6360
6361
6362
6363
6364
6365
6366
6367
6368
6369
6370
6371
6372
6373
6374
6375
6376
6377
6378
6379
6380
6381
6382
6383
6384
6385
6386
6387
6388
6389
6390
6391
6392
6393
6394
6395
6396
6397
6399
6400
6401
6402
6403
6404
6405
6406
6407
6408
6409
6410
6411
6412
6413
6414
6415
6416
6417
6418
6419
6420
6421
6422
6423
6424
6425
6426
6427
6428
6429
6430
6431
6432
6433
6434
6435
6436
6437
6438
6439
6440
6441
6442
6443
6444
6445
6446
6447
6448
6449
6450
6451
6452
6453
6454
6455
6456
6457
6458
6459
6460
6461
6462
6463
6464
6465
6466
6467
6468
6469
6470
6471
6472
6473
6474
6475
6476
6477
6478
6479
6480
6481
6482
6483
6484
6485
6486
6487
6488
6489
6490
6491
6492
6493
6494
6495
6496
6497
6498
6499
6500
6501
6502
6503
6504
6505
6506
6507
6508
6509
6510
6511
6512
6513
6514
6515
6516
6517
6518
6519
6520
6521
6522
6523
6524
6525
6526
6527
6528
6529
6530
6531
6532
6533
6534
6535
6536
6537
6538
6539
6540
6541
6542
6543
6544
6545
6546
6547
6548
6549
6550
6551
6552
6553
6554
6555
6556
6557
6558
6559
6560
6561
6562
6563
6564
6565
6566
6567
6568
6569
6570
6571
6572
6573
6574
6575
6576
6577
6578
6579
6580
6581
6582
6583
6584
6585
6586
6587
6588
6589
6590
6591
6592
6593
6594
6595
6596
6597
6598
6599
6600
6601
6602
6603
6604
6605
6606
6607
6608
6609
6610
6611
6612
6613
6614
6615
6616
6617
6618
6619
6620
6621
6622
6623
6624
6625
6626
6627
6628
6629
6630
6631
6632
6633
6634
6635
6636
6637
6638
6639
6640
6641
6642
6643
6644
6645
6646
6647
6648
6649
6650
6651
6652
6653
6654
6655
6656
6657
6658
6659
6660
6661
6662
6663
6664
6665
6666
6667
6668
6669
6670
6671
6672
6673
6674
6675
6676
6677
6678
6679
6680
6681
6682
6683
6684
6685
6686
6687
6688
6689
6690
6691
6692
6693
6694
6695
6696
6697
6698
6699
6700
6701
6702
6703
6704
6705
6706
6707
6708
6709
6710
6711
6712
6713
6714
6715
6716
6717
6718
6719
6720
6721
6722
6723
6724
6725
6726
6727
6728
6729
6730
6731
6732
6733
6734
6735
6736
6737
6738
6739
6740
6741
6742
6743
6744
6745
6746
6747
6748
6749
6750
6751
6752
6753
6754
6755
6756
6757
6758
6759
6760
6761
6762
6763
6764
6765
6766
6767
6768
6769
6770
6771
6772
6773
6774
6775
6776
6777
6778
6779
6780
6781
6782
6783
6784
6785
6786
6787
6788
6789
6790
6791
6792
6793
6794
6795
6796
6797
6798
6799
6800
6801
6802
6803
6804
6805
6806
6807
6808
6809
6810
6811
6812
6813
6814
6815
6816
6817
6818
6819
6820
6821
6822
6823
6824
6825
6826
6827
6828
6829
6830
6831
6832
6833
6834
6835
6837
6838
6839
6840
6841
6842
6843
6844
6845
6846
6847
6848
6849
6850
6851
6852
6853
6854
6855
6856
6857
6858
6859
6860
6861
6862
6863
6864
6865
6866
6867
6868
6869
6870
6871
6872
6873
6874
6875
6876
6877
6878
6879
6880
6881
6882
6883
6884
6885
6886
6887
6888
6889
6890
6891
6892
6893
6894
6895
6896
6897
6898
6899
6900
6901
6902
6903
6904
6905
6906
6907
6908
6909
6910
6911
6912
6913
6914
6915
6916
6917
6918
6919
6920
6921
6922
6923
6924
6925
6926
6927
6928
6929
6930
6931
6932
6933
6934
6935
6936
6937
6938
6939
6940
6941
6942
6943
6944
6945
6946
6947
6948
6949
6950
6951
6952
6953
6954
6955
6956
6957
6958
6959
6960
6961
6962
6963
6964
6965
6966
6967
6968
6969
6970
6971
6972
6973
6974
6975
6976
6977
6978
6979
6980
6981
6982
6983
6984
6985
6986
6987
6988
6989
6990
6991
6992
6993
6994
6995
6996
6997
6998
6999
7000
7001
7002
7003
7004
7005
7006
7007
7008
7009
7010
7011
7012
7013
7014
7015
7016
7017
7018
7019
7020
7021
7022
7023
7024
7025
7026
7027
7028
7029
7030
7031
7032
7033
7034
7035
7036
7037
7038
7039
7040
7041
7042
7043
7044
7045
7046
7047
7048
7049
7050
7051
7052
7053
7054
7055
7056
7057
7058
7059
7060
7061
7062
7063
7064
7065
7066
7067
7068
7069
7070
7071
7072
7073
7074
7075
7076
7077
7078
7079
7080
7081
7082
7083
7084
7085
7086
7087
7088
7089
7090
7091
7092
7093
7094
7095
7096
7098
7099
7100
7101
7102
7103
7104
7105
7106
7107
7108
7109
7110
7111
7112
7113
7114
7115
7116
7117
7118
7119
7120
7121
7122
7123
7124
7125
7126
7127
7128
7129
7130
7131
7132
7133
7134
7135
7136
7137
7138
7139
7140
7141
7142
7143
7144
7145
7146
7147
7148
7149
7150
7152
7153
7154
7155
7156
7157
7158
7159
7160
7161
7162
7163
7164
7165
7166
7167
7168
7169
7170
7171
7172
7173
7174
7175
7176
7177
7178
7179
7180
7181
7182
7183
7184
7185
7186
7187
7188
7189
7190
7191
7192
7193
7194
7195
7196
7197
7198
7199
7200
7201
7202
7203
7204
7205
7206
7207
7208
7209
7210
7211
7212
7213
7214
7215
7216
7217
7218
7219
7220
7221
7222
7223
7224
7225
7226
7228
7229
7230
7231
7232
7233
7234
7235
7236
7237
7238
7239
7240
7241
7242
7243
7244
7245
7246
7247
7248
7249
7250
7251
7252
7253
7254
7255
7256
7257
7258
7259
7260
7261
7262
7263
7264
7265
7266
7267
7268
7269
7270
7271
7272
7273
7274
7275
7276
7277
7278
7279
7280
7281
7282
7283
7284
7285
7286
7287
7288
7289
7290
7291
7292
7293
7295
7296
7297
7298
7299
7300
7301
7302
7303
7304
7305
7306
7307
7308
7309
7310
7311
7312
7313
7314
7315
7316
7317
7318
7319
7320
7321
7322
7323
7324
7325
7326
7327
7328
7329
7330
7331
7332
7333
7334
7335
7336
7337
7338
7339
7340
7341
7342
7343
7344
7345
7346
7347
7348
7349
7350
7351
7352
7353
7354
7355
7356
7357
7358
7359
7360
7361
7362
7363
7364
7365
7366
7367
7368
7369
7370
7371
7372
7373
7374
7375
7376
7377
7378
7379
7380
7381
7382
7383
7384
7385
7386
7387
7388
7389
7390
7391
7392
7393
7394
7395
7396
7397
7398
7399
7400
7401
7402
7403
7404
7405
7406
7407
7408
7409
7410
7411
7412
7413
7414
7415
7416
7417
7418
7419
7420
7421
7422
7423
7424
7425
7426
7427
7428
7429
7430
7431
7432
7433
7434
7435
7436
7437
7438
7439
7440
7441
7442
7443
7444
7445
7446
7447
7448
7449
7450
7451
7452
7453
7454
7455
7456
7457
7458
7459
7460
7461
7462
7463
7464
7465
7466
7467
7468
7469
7470
7471
7472
7473
7474
7475
7476
7477
7478
7479
7480
7481
7482
7483
7484
7485
7486
7487
7488
7489
7490
7491
7492
7493
7494
7495
7496
7497
7498
7499
7500
7501
7502
7503
7505
7506
7507
7508
7509
7510
7511
7512
7513
7514
7515
7516
7518
7519
7520
7521
7522
7523
7524
7525
7526
7527
7528
7529
7530
7531
7532
7533
7534
7535
7536
7537
7538
7539
7540
7541
7542
7543
7544
7545
7547
7548
7549
7550
7551
7552
7553
7554
7555
7556
7557
7558
7559
7560
7561
7562
7563
7564
7565
7566
7567
7568
7569
7570
7571
7572
7573
7574
7575
7576
7577
7578
7579
7581
7582
7583
7584
7585
7586
7587
7588
7589
7590
7591
7592
7593
7594
7595
7596
7597
7598
7599
7600
7601
7602
7603
7604
7605
7606
7607
7608
7609
7610
7611
7612
7613
7614
7615
7616
7617
7618
7619
7620
7621
7622
7623
7624
7625
7626
7627
7628
7629
7630
7631
7632
7633
7634
7635
7636
7637
7638
7639
7640
7641
7642
7643
7644
7645
7646
7647
7648
7649
7650
7651
7652
7653
7654
7655
7656
7657
7658
7659
7660
7661
7662
7663
7664
7665
7666
7667
7668
7669
7670
7671
7672
7673
7674
7675
7676
7677
7678
7679
7680
7681
7682
7683
7684
7685
7686
7687
7688
7689
7690
7691
7692
7693
7694
7695
7696
7697
7698
7699
7700
7701
7702
7703
7704
7705
7706
7707
7708
7709
7710
7711
7712
7713
7714
7715
7716
7717
7718
7719
7720
7721
7722
7723
7724
7725
7726
7727
7728
7729
7730
7731
7732
7733
7734
7735
7736
7737
7738
7739
7740
7741
7742
7743
7744
7745
7746
7747
7748
7749
7750
7751
7752
7753
7754
7755
7756
7757
7758
7759
7760
7761
7762
7763
7764
7765
7766
7767
7768
7769
7770
7771
7772
7773
7774
7775
7776
7777
7778
7779
7780
7781
7783
7784
7785
7786
7787
7788
7789
7790
7791
7792
7793
7794
7795
7796
7797
7798
7799
7800
7801
7802
7803
7804
7805
7806
7807
7808
7809
7810
7811
7812
7813
7814
7815
7816
7817
7818
7819
7820
7821
7822
7823
7824
7825
7826
7827
7828
7829
7830
7831
7832
7833
7834
7835
7836
7837
7838
7839
7840
7841
7842
7843
7844
7845
7846
7847
7848
7849
7850
7851
7852
7853
7854
7855
7856
7857
7858
7859
7860
7861
7862
7863
7864
7865
7866
7867
7868
7870
7871
7872
7873
7874
7876
7877
7878
7879
7880
7881
7882
7883
7884
7885
7886
7887
7888
7889
7890
7891
7892
7893
7894
7895
7896
7897
7898
7899
7900
7901
7902
7903
7904
7905
7906
7907
7908
7909
7910
7911
7912
7913
7914
7915
7916
7917
7918
7919
7920
7921
7922
7923
7924
7925
7926
7927
7928
7929
7930
7931
7932
7933
7934
7935
7936
7937
7938
7939
7940
7941
7942
7943
7944
7945
7946
7947
7948
7949
7950
7951
7952
7953
7954
7955
7956
7957
7958
7959
7960
7961
7962
7963
7964
7965
7966
7967
7968
7969
7970
7971
7972
7973
7974
7975
7976
7977
7978
7979
7980
7981
7982
7984
7985
7986
7987
7988
7989
7990
7991
7992
7993
7994
7995
7996
7997
7998
7999
8000
8001
8002
8003
8004
8005
8006
8007
8008
8009
8010
8011
8012
8013
8014
8015
8016
8017
8018
8019
8020
8021
8022
8023
8024
8025
8026
8027
8028
8029
8030
8031
8032
8033
8034
8035
8036
8037
8038
8039
8040
8041
8042
8043
8044
8045
8046
8047
8048
8049
8050
8051
8052
8053
8054
8055
8056
8057
8058
8059
8060
8061
8062
8063
8064
8065
8066
8067
8068
8069
8070
8071
8072
8073
8074
8075
8076
8077
8078
8079
8080
8081
8082
8083
8084
8085
8086
8087
8088
8089
8090
8091
8092
8093
8094
8095
8096
8097
8098
8099
8100
8101
8102
8103
8104
8105
8106
8107
8108
8109
8110
8111
8112
8113
8114
8115
8116
8117
8118
8119
8120
8121
8122
8123
8124
8125
8126
8127
8128
8129
8130
8131
8132
8133
8134
8135
8136
8137
8138
8139
8140
8141
8142
8143
8144
8145
8146
8147
8148
8149
8150
8151
8152
8153
8154
8155
8156
8157
8158
8159
8160
8161
8162
8163
8164
8165
8166
8167
8168
8169
8170
8171
8172
8173
8174
8175
8176
8177
8178
8179
8180
8181
8182
8183
8184
8185
8186
8187
8188
8189
8190
8191
8192
8193
8194
8195
8196
8197
8198
8199
8200
8201
8202
8203
8204
8205
8206
8207
8208
8209
8210
8211
8212
8213
8214
8215
8216
8217
8218
8219
8220
8221
8222
8223
8224
8225
8226
8227
8228
8229
8230
8231
8232
8233
8234
8235
8236
8237
8239
8240
8241
8242
8243
8244
8245
8246
8247
8248
8249
8250
8251
8252
8254
8255
8256
8257
8258
8260
8261
8262
8263
8264
8265
8266
8267
8268
8269
8270
8271
8272
8273
8274
8275
8276
8277
8278
8279
8280
8281
8282
8283
8284
8285
8286
8287
8288
8289
8290
8291
8292
8293
8294
8295
8296
8297
8298
8299
8300
8301
8302
8303
8304
8305
8306
8307
8308
8309
8310
8311
8312
8313
8314
8315
8316
8317
8318
8319
8320
8321
8322
8323
8324
8325
8326
8327
8328
8329
8330
8331
8332
8333
8334
8335
8336
8337
8338
8339
8340
8341
8342
8343
8344
8345
8346
8347
8348
8349
8350
8351
8352
8353
8354
8355
8356
8357
8358
8359
8360
8361
8362
8363
8364
8365
8366
8367
8368
8369
8370
8371
8372
8373
8374
8375
8376
8377
8378
8379
8380
8381
8382
8383
8384
8385
8386
8387
8388
8389
8390
8391
8392
8393
8394
8395
8396
8397
8398
8399
8400
8401
8402
8403
8404
8405
8406
8407
8408
8409
8410
8411
8412
8414
8415
8416
8417
8418
8419
8420
8421
8422
8423
8424
8425
8426
8427
8428
8429
8430
8431
8432